y          2019   2020   2021   2022   2023   2024   2025   2026
block                                                           
03-07 NY  0.900  1.024  0.898  0.987  1.048  0.917  1.033  0.992
07-11 NY  1.032  1.004  0.951  1.018  1.051  0.945  0.959  0.956
11-16 NY  0.931  1.028  0.957  0.934  1.039  1.038  0.841  0.984
19-23 NY  0.940  1.048  0.955  1.056  0.885  1.084  0.932  0.894
23-03 NY  0.951  0.982  1.058  0.983  0.938  1.145  1.055  0.972
y          2019   2020   2021   2022   2023   2024   2025   2026
block                                                           
03-07 NY -0.007 -0.033 -0.045 -0.002 -0.016  0.001  0.008  0.009
07-11 NY  0.007  0.020 -0.007 -0.006  0.009 -0.014 -0.033 -0.017
11-16 NY -0.026  0.043 -0.029 -0.036  0.019  0.013 -0.037 -0.017
19-23 NY -0.042  0.023 -0.016 -0.132 -0.061 -0.008 -0.053 -0.008
23-03 NY -0.014 -0.007 -0.001 -0.025 -0.023  0.036  0.024 -0.010
