 th  rr   n  totR  perTr    R3  yrs_pos  worst_yr  lrun
0.6 1.5 142  17.8  0.126   4.2        7      -1.2     5
0.6 2.0 142  32.2  0.227  18.6        8       0.6     7
0.6 2.5 142  27.6  0.195  14.0        7      -8.7    15
0.6 3.0 142  41.6  0.293  28.0        6      -9.2    15
0.6 NaN 142  17.3  0.122   3.7        4     -14.8    15
0.7 1.5 300  19.0  0.063  -7.3        6      -5.2     6
0.7 2.0 300  43.5  0.145  17.3        6      -5.8     9
0.7 2.5 300  28.0  0.093   1.8        4      -5.8    13
0.7 3.0 300  38.6  0.129  12.4        5      -7.8    13
0.7 NaN 300  34.4  0.115   8.2        4     -15.4    13
0.8 1.5 527   5.1  0.010 -37.5        3     -10.0     8
0.8 2.0 527  41.7  0.079  -0.9        5      -4.0     9
0.8 2.5 527  47.0  0.089   4.4        7      -8.9    10
0.8 3.0 527  53.6  0.102  11.0        7     -14.7    10
0.8 NaN 527  69.1  0.131  26.4        6     -24.1    10
0.9 1.5 755 -21.3 -0.028 -79.0        2     -13.5    13
0.9 2.0 755   3.4  0.004 -54.3        3     -18.1    13
0.9 2.5 755   2.6  0.003 -55.2        4     -22.4    13
0.9 3.0 755   8.0  0.011 -49.7        5     -32.0    14
0.9 NaN 755  39.5  0.052 -18.3        5     -39.7    14
1.0 1.5 944 -20.6 -0.022 -89.5        2     -16.9     9
1.0 2.0 944  -1.5 -0.002 -70.5        4     -17.0    12
1.0 2.5 944  -1.5 -0.002 -70.5        4     -18.5    13
1.0 3.0 944   9.6  0.010 -59.4        6     -29.3    13
1.0 NaN 944  51.3  0.054 -17.7        5     -37.8    13
