      days  px_med  rng_med  rng_pct  cost_pct_rng  year_move%
y                                                             
2019   248  1409.0     13.5     0.96          2.97        18.3
2020   247  1772.0     25.4     1.43          1.58        24.4
2021   249  1793.0     21.0     1.17          1.90        -5.9
2022   249  1803.0     23.2     1.29          1.72         1.2
2023   136  1929.0     19.5     1.01          2.05        12.2
2024   247  2386.0     30.8     1.29          1.30        27.4
2025   245  3344.0     51.5     1.54          0.78        62.2
2026   184  4510.0    103.4     2.29          0.39        -4.1

median hour range / day range, by NY hour (rows) and year (cols)
     2019   2020   2021   2022   2023   2024   2025   2026
18  0.119  0.168  0.101  0.102  0.114  0.102  0.152  0.172
19  0.115  0.140  0.105  0.103  0.115  0.091  0.139  0.151
20  0.166  0.181  0.149  0.158  0.151  0.138  0.197  0.229
21  0.167  0.190  0.199  0.163  0.174  0.188  0.220  0.253
22  0.120  0.141  0.140  0.130  0.144  0.148  0.172  0.171
23  0.097  0.103  0.106  0.115  0.102  0.118  0.145  0.138
00  0.104  0.118  0.114  0.123  0.114  0.106  0.131  0.129
01  0.142  0.162  0.164  0.146  0.140  0.154  0.166  0.191
02  0.192  0.196  0.191  0.180  0.173  0.190  0.181  0.163
03  0.216  0.214  0.211  0.224  0.194  0.184  0.197  0.159
04  0.174  0.192  0.186  0.203  0.164  0.178  0.165  0.156
05  0.148  0.164  0.166  0.170  0.149  0.153  0.159  0.147
06  0.142  0.169  0.158  0.184  0.151  0.156  0.154  0.143
07  0.182  0.190  0.195  0.198  0.161  0.173  0.175  0.162
08  0.334  0.323  0.383  0.359  0.349  0.303  0.249  0.254
09  0.337  0.337  0.395  0.352  0.412  0.345  0.312  0.290
10  0.321  0.343  0.357  0.339  0.368  0.334  0.296  0.272
11  0.248  0.253  0.235  0.239  0.240  0.246  0.213  0.229
12  0.182  0.186  0.162  0.183  0.193  0.194  0.171  0.172
13  0.188  0.175  0.156  0.173  0.180  0.174  0.150  0.153
14  0.163  0.158  0.118  0.153  0.139  0.136  0.127  0.144
15  0.138  0.166  0.127  0.149  0.113  0.133  0.138  0.151

mean signed move per NY hour, % of ATR20
    2019  2020  2021  2022  2023  2024  2025  2026
18   1.1   3.4   1.8   1.0   5.4   2.0   3.3   3.1
19   0.6   1.2  -0.1   0.6   1.1   0.3   0.7   1.4
20   0.7   0.1   0.4  -1.2   1.1   0.3   1.7   0.8
21   0.4   0.5   1.1  -0.4   1.4   0.1   0.9  -0.5
22  -0.7  -0.5   0.8   0.4  -1.0   0.5  -0.1  -1.5
23  -0.1  -0.3  -0.1  -0.4  -0.3   0.5   0.6   0.2
00   0.4  -0.7   1.0  -0.7   0.7   0.2   0.9  -0.0
01   0.1  -0.7   0.5   1.0  -0.2  -0.0  -0.8  -1.1
02  -0.3   1.8  -0.5   0.3   0.6   0.6   0.7   2.2
03   0.8   1.3  -0.3  -0.4   0.4  -0.2   0.7  -1.0
04   0.4   1.5  -0.7  -0.5  -0.3   0.4   1.6  -1.7
05   0.8  -1.4  -0.4   1.1  -0.4   1.3  -0.1  -0.4
06   0.0   0.2  -1.1  -1.6  -0.6   1.1   0.4   0.5
07  -0.5  -0.6  -0.1  -0.3  -0.5  -0.9   1.1   1.6
08   0.5   0.8   0.3  -0.1   0.4  -0.5   0.2  -0.6
09  -0.6  -0.5  -1.6   1.1  -1.3  -0.8  -1.0   0.3
10   0.9  -0.0   0.4   0.9  -1.5   0.2   2.4  -1.1
11   0.9   0.1   1.1   0.4  -0.1  -0.7   1.1  -0.0
12  -0.2   0.2  -1.9  -1.2  -0.6   1.2  -0.3  -1.5
13   0.3   0.2   0.1   0.2   1.5  -0.2  -0.4   0.3
14   0.7   0.1   0.3  -0.1   1.0   1.2  -0.1  -1.3
15  -0.4   0.4   0.1  -0.5   0.0  -0.7   2.3   0.6
